92
10 0
10 1
10 2
10 3
10 4
10 5
10 6
10 7
10 8
10 9
10 10
10 11
10 12
10 13
10 14
10 15
10 16
10 17
10 18
10 19
10 19
13 19
16 19
19 19
22 19
25 19
28 19
31 19
34 19
37 19
40 19
43 19
46 19
49 19
52 19
55 19
58 19
61 19
64 19
67 19
70 19
73 19
76 19
79 19
82 19
85 19
88 19
91 19
94 19
97 19
100 19
103 19
106 19
109 19
112 19
115 19
118 19
121 19
124 19
127 19
130 19
133 19
136 19
139 19
142 19
145 19
148 19
151 19
154 19
157 19
160 19
162 19
162 20
162 21
162 22
162 23
162 24
162 25
162 26
162 27
162 28
162 29
162 30
162 31
162 32
162 33
162 34
162 35
162 36
162 37
162 38
162 39
